
Processing continuum.C+...
DataSetInfo              : [continuum] : Added class "Signal"
                         : Add Tree incl of type Signal with 8317 events
DataSetInfo              : [continuum] : Added class "Background"
                         : Add Tree incl of type Background with 8198 events
                         : Add Tree incl of type Background with 8249 events
                         : Add Tree incl of type Background with 8546 events
                         : Add Tree incl of type Background with 8340 events
                         : Add Tree incl of type Background with 8193 events
                         : Add Tree incl of type Background with 8278 events
                         : Add Tree incl of type Background with 2337 events
                         : Add Tree incl of type Background with 2233 events
                         : Add Tree incl of type Background with 2376 events
                         : Add Tree incl of type Background with 2322 events
                         : Add Tree incl of type Background with 2380 events
                         : Add Tree incl of type Background with 2330 events
Factory                  : Booking method: [1mBDT_continuum[0m
                         : 
                         : Rebuilding Dataset continuum
                         : Building event vectors for type 2 Signal
                         : Dataset[continuum] :  create input formulas for tree incl
                         : Building event vectors for type 0 Background
                         : Dataset[continuum] :  create input formulas for tree incl
                         : Building event vectors for type 0 Background
                         : Dataset[continuum] :  create input formulas for tree incl
                         : Building event vectors for type 0 Background
                         : Dataset[continuum] :  create input formulas for tree incl
                         : Building event vectors for type 0 Background
                         : Dataset[continuum] :  create input formulas for tree incl
                         : Building event vectors for type 0 Background
                         : Dataset[continuum] :  create input formulas for tree incl
                         : Building event vectors for type 1 Background
                         : Dataset[continuum] :  create input formulas for tree incl
                         : Building event vectors for type 0 Background
                         : Dataset[continuum] :  create input formulas for tree incl
                         : Building event vectors for type 0 Background
                         : Dataset[continuum] :  create input formulas for tree incl
                         : Building event vectors for type 0 Background
                         : Dataset[continuum] :  create input formulas for tree incl
                         : Building event vectors for type 0 Background
                         : Dataset[continuum] :  create input formulas for tree incl
                         : Building event vectors for type 0 Background
                         : Dataset[continuum] :  create input formulas for tree incl
                         : Building event vectors for type 1 Background
                         : Dataset[continuum] :  create input formulas for tree incl
DataSetFactory           : [continuum] : Number of events in input trees
                         : Dataset[continuum] :     Signal     requirement: "((tauDecay_decayModeID==1 && Bsig_decayModeID==3 && abs(m_Kpi - 1.864) > 0.2 &&  m_Krho > 1.95 && m_ROE < 2.15 && abs(cos_pBtag_Dltag) < 1.25)&&(deltaE_Btag<1 &&  deltaE_Btag >-4 && p_ltag < 2.5 && m_ROE<4 && best_sum > -50))&&(isSignalAcceptMissingNeutrino_Bsig==1)"
                         : Dataset[continuum] :     Signal          -- number of events passed: 1203   / sum of weights: 1203 
                         : Dataset[continuum] :     Signal          -- efficiency             : 0.144644
                         : Dataset[continuum] :     Background requirement: "(tauDecay_decayModeID==1 && Bsig_decayModeID==3 && abs(m_Kpi - 1.864) > 0.2 &&  m_Krho > 1.95 && m_ROE < 2.15 && abs(cos_pBtag_Dltag) < 1.25)&&(deltaE_Btag<1 &&  deltaE_Btag >-4 && p_ltag < 2.5 && m_ROE<4 && best_sum > -50)"
                         : Dataset[continuum] :     Background      -- number of events passed: 3311   / sum of weights: 3311 
                         : Dataset[continuum] :     Background      -- efficiency             : 0.0519112
                         : Dataset[continuum] :  you have opted for interpreting the requested number of training/testing events
                         :  to be the number of events AFTER your preselection cuts
                         : 
                         : Dataset[continuum] :  you have opted for interpreting the requested number of training/testing events
                         :  to be the number of events AFTER your preselection cuts
                         : 
                         : Dataset[continuum] : Weight renormalisation mode: "EqualNumEvents": renormalises all event classes ...
                         : Dataset[continuum] :  such that the effective (weighted) number of events in each class is the same 
                         : Dataset[continuum] :  (and equals the number of events (entries) given for class=0 )
                         : Dataset[continuum] : ... i.e. such that Sum[i=1..N_j]{w_i} = N_classA, j=classA, classB, ...
                         : Dataset[continuum] : ... (note that N_j is the sum of TRAINING events
                         : Dataset[continuum] :  ..... Testing events are not renormalised nor included in the renormalisation factor!)
                         : Number of training and testing events
                         : ---------------------------------------------------------------------------
                         : Signal     -- training events            : 1002
                         : Signal     -- testing events             : 201
                         : Signal     -- training and testing events: 1203
                         : Dataset[continuum] : Signal     -- due to the preselection a scaling factor has been applied to the numbers of requested events: 0.144644
                         : Background -- training events            : 2759
                         : Background -- testing events             : 552
                         : Background -- training and testing events: 3311
                         : Dataset[continuum] : Background -- due to the preselection a scaling factor has been applied to the numbers of requested events: 0.0519112
                         : 
DataSetInfo              : Correlation matrix (Signal):
                         : ---------------------------------------------------------------------------------------------------------------------------------------------------------------------------------------------------------------------------------------------------------------------------------------------------------------------------------------------------------------------------------------------------------------------------------------------------------------
                         :                      CleoConeCS_1 CleoConeCS_2 CleoConeCS_3 CleoConeCS_4 CleoConeCS_5 CleoConeCS_6 CleoConeCS_7 CleoConeCS_8 CleoConeCS_9 KSFWVariables_et KSFWVariables_hoo0 KSFWVariables_hoo1 KSFWVariables_hoo2 KSFWVariables_hoo3 KSFWVariables_hoo4 KSFWVariables_hso01 KSFWVariables_hso03 KSFWVariables_hso04 KSFWVariables_hso10 KSFWVariables_hso12 KSFWVariables_hso14 KSFWVariables_hso20 KSFWVariables_hso22 KSFWVariables_hso24      r2 thrust_Bm
                         :        CleoConeCS_1:       +1.000       -0.270       -0.160       -0.142       -0.081       -0.016       -0.069       +0.035       -0.044           +0.185             +0.058             -0.018             +0.052             -0.013             +0.056              +0.008              +0.030              +0.018              +0.023              +0.054              -0.006              -0.072              +0.065              -0.058  +0.251    +0.327
                         :        CleoConeCS_2:       -0.270       +1.000       -0.254       -0.141       -0.184       -0.102       -0.011       -0.076       -0.061           +0.078             +0.016             -0.016             -0.009             +0.020             -0.048              +0.028              -0.003              +0.006              +0.024              +0.049              +0.009              -0.023              +0.020              +0.057  +0.299    +0.365
                         :        CleoConeCS_3:       -0.160       -0.254       +1.000       -0.151       -0.142       -0.083       -0.178       -0.078       -0.043           +0.040             +0.040             -0.029             +0.007             -0.038             -0.007              +0.013              +0.036              +0.042              -0.046              +0.119              +0.007              -0.007              +0.031              -0.075  +0.227    +0.125
                         :        CleoConeCS_4:       -0.142       -0.141       -0.151       +1.000       -0.176       -0.111       -0.091       -0.120       -0.076           +0.094             +0.106             -0.011             +0.001             +0.007             -0.008              +0.035              +0.015              -0.014              +0.001              +0.010              -0.029              +0.023              -0.044              +0.005  +0.114    -0.041
                         :        CleoConeCS_5:       -0.081       -0.184       -0.142       -0.176       +1.000       -0.109       -0.105       -0.155       -0.158           -0.001             -0.031             +0.012             +0.047             -0.050             +0.011              -0.072              -0.043              -0.097              +0.028              +0.053              +0.016              -0.023              +0.036              -0.020  -0.032    -0.279
                         :        CleoConeCS_6:       -0.016       -0.102       -0.083       -0.111       -0.109       +1.000       -0.127       -0.124       -0.140           +0.126             +0.088             -0.035             +0.014             -0.000             +0.059              +0.029              -0.010              -0.161              -0.021              +0.017              +0.035              -0.056              -0.024              +0.025  -0.049    -0.216
                         :        CleoConeCS_7:       -0.069       -0.011       -0.178       -0.091       -0.105       -0.127       +1.000       -0.138       -0.146           -0.008             +0.010             +0.059             -0.003             +0.051             +0.038              +0.020              -0.059              -0.053              +0.004              -0.088              -0.067              -0.041              -0.013              +0.025  -0.243    -0.200
                         :        CleoConeCS_8:       +0.035       -0.076       -0.078       -0.120       -0.155       -0.124       -0.138       +1.000       -0.103           +0.014             +0.116             +0.060             +0.057             +0.021             +0.074              -0.023              -0.016              +0.094              +0.003              -0.135              -0.046              -0.021              -0.037              +0.049  -0.308    -0.061
                         :        CleoConeCS_9:       -0.044       -0.061       -0.043       -0.076       -0.158       -0.140       -0.146       -0.103       +1.000           +0.044             +0.161             -0.006             +0.046             +0.029             -0.001              -0.045              +0.046              +0.183              -0.002              -0.192              +0.056              +0.014              -0.069              -0.033  -0.393    -0.014
                         :    KSFWVariables_et:       +0.185       +0.078       +0.040       +0.094       -0.001       +0.126       -0.008       +0.014       +0.044           +1.000             +0.463             -0.033             +0.216             +0.003             +0.113              +0.017              +0.040              -0.072              +0.008              +0.066              -0.062              -0.267              +0.015              -0.055  +0.233    +0.171
                         :  KSFWVariables_hoo0:       +0.058       +0.016       +0.040       +0.106       -0.031       +0.088       +0.010       +0.116       +0.161           +0.463             +1.000             +0.101             +0.305             +0.037             +0.223              -0.007              -0.043              +0.046              +0.032              -0.037              -0.006              +0.429              +0.024              -0.032  -0.057    +0.085
                         :  KSFWVariables_hoo1:       -0.018       -0.016       -0.029       -0.011       +0.012       -0.035       +0.059       +0.060       -0.006           -0.033             +0.101             +1.000             +0.036             +0.434             +0.088              +0.077              -0.045              -0.027              -0.043              +0.026              -0.061              +0.104              -0.037              -0.046  -0.094    -0.005
                         :  KSFWVariables_hoo2:       +0.052       -0.009       +0.007       +0.001       +0.047       +0.014       -0.003       +0.057       +0.046           +0.216             +0.305             +0.036             +1.000             -0.038             +0.382              +0.019              -0.011              -0.030              +0.038              +0.012              +0.001              +0.099              -0.000              +0.012  +0.217    +0.021
                         :  KSFWVariables_hoo3:       -0.013       +0.020       -0.038       +0.007       -0.050       -0.000       +0.051       +0.021       +0.029           +0.003             +0.037             +0.434             -0.038             +1.000             +0.035              +0.013              -0.057              -0.054              +0.017              +0.009              -0.003              +0.041              -0.001              -0.052  -0.047    +0.005
                         :  KSFWVariables_hoo4:       +0.056       -0.048       -0.007       -0.008       +0.011       +0.059       +0.038       +0.074       -0.001           +0.113             +0.223             +0.088             +0.382             +0.035             +1.000              +0.022              +0.018              +0.001              +0.018              -0.053              +0.026              +0.045              +0.002              -0.004  +0.040    -0.020
                         : KSFWVariables_hso01:       +0.008       +0.028       +0.013       +0.035       -0.072       +0.029       +0.020       -0.023       -0.045           +0.017             -0.007             +0.077             +0.019             +0.013             +0.022              +1.000              -0.040              -0.055              -0.055              +0.002              -0.051              -0.025              -0.079              -0.068  +0.041    +0.036
                         : KSFWVariables_hso03:       +0.030       -0.003       +0.036       +0.015       -0.043       -0.010       -0.059       -0.016       +0.046           +0.040             -0.043             -0.045             -0.011             -0.057             +0.018              -0.040              +1.000              +0.002              +0.014              -0.034              -0.015              -0.039              -0.003              -0.017  +0.062    +0.003
                         : KSFWVariables_hso04:       +0.018       +0.006       +0.042       -0.014       -0.097       -0.161       -0.053       +0.094       +0.183           -0.072             +0.046             -0.027             -0.030             -0.054             +0.001              -0.055              +0.002              +1.000              +0.017              -0.050              +0.023              +0.052              +0.014              -0.004  -0.094    -0.015
                         : KSFWVariables_hso10:       +0.023       +0.024       -0.046       +0.001       +0.028       -0.021       +0.004       +0.003       -0.002           +0.008             +0.032             -0.043             +0.038             +0.017             +0.018              -0.055              +0.014              +0.017              +1.000              +0.001              +0.092              +0.007              +0.021              +0.001  -0.008    +0.004
                         : KSFWVariables_hso12:       +0.054       +0.049       +0.119       +0.010       +0.053       +0.017       -0.088       -0.135       -0.192           +0.066             -0.037             +0.026             +0.012             +0.009             -0.053              +0.002              -0.034              -0.050              +0.001              +1.000              +0.010              +0.002              +0.070              -0.100  +0.333    +0.047
                         : KSFWVariables_hso14:       -0.006       +0.009       +0.007       -0.029       +0.016       +0.035       -0.067       -0.046       +0.056           -0.062             -0.006             -0.061             +0.001             -0.003             +0.026              -0.051              -0.015              +0.023              +0.092              +0.010              +1.000              +0.021              +0.070              +0.008  -0.011    -0.002
                         : KSFWVariables_hso20:       -0.072       -0.023       -0.007       +0.023       -0.023       -0.056       -0.041       -0.021       +0.014           -0.267             +0.429             +0.104             +0.099             +0.041             +0.045              -0.025              -0.039              +0.052              +0.007              +0.002              +0.021              +1.000              +0.013              +0.014  -0.120    -0.006
                         : KSFWVariables_hso22:       +0.065       +0.020       +0.031       -0.044       +0.036       -0.024       -0.013       -0.037       -0.069           +0.015             +0.024             -0.037             -0.000             -0.001             +0.002              -0.079              -0.003              +0.014              +0.021              +0.070              +0.070              +0.013              +1.000              -0.013  +0.140    +0.038
                         : KSFWVariables_hso24:       -0.058       +0.057       -0.075       +0.005       -0.020       +0.025       +0.025       +0.049       -0.033           -0.055             -0.032             -0.046             +0.012             -0.052             -0.004              -0.068              -0.017              -0.004              +0.001              -0.100              +0.008              +0.014              -0.013              +1.000  -0.036    -0.055
                         :                  r2:       +0.251       +0.299       +0.227       +0.114       -0.032       -0.049       -0.243       -0.308       -0.393           +0.233             -0.057             -0.094             +0.217             -0.047             +0.040              +0.041              +0.062              -0.094              -0.008              +0.333              -0.011              -0.120              +0.140              -0.036  +1.000    +0.411
                         :           thrust_Bm:       +0.327       +0.365       +0.125       -0.041       -0.279       -0.216       -0.200       -0.061       -0.014           +0.171             +0.085             -0.005             +0.021             +0.005             -0.020              +0.036              +0.003              -0.015              +0.004              +0.047              -0.002              -0.006              +0.038              -0.055  +0.411    +1.000
                         : ---------------------------------------------------------------------------------------------------------------------------------------------------------------------------------------------------------------------------------------------------------------------------------------------------------------------------------------------------------------------------------------------------------------------------------------------------------------
DataSetInfo              : Correlation matrix (Background):
                         : ---------------------------------------------------------------------------------------------------------------------------------------------------------------------------------------------------------------------------------------------------------------------------------------------------------------------------------------------------------------------------------------------------------------------------------------------------------------
                         :                      CleoConeCS_1 CleoConeCS_2 CleoConeCS_3 CleoConeCS_4 CleoConeCS_5 CleoConeCS_6 CleoConeCS_7 CleoConeCS_8 CleoConeCS_9 KSFWVariables_et KSFWVariables_hoo0 KSFWVariables_hoo1 KSFWVariables_hoo2 KSFWVariables_hoo3 KSFWVariables_hoo4 KSFWVariables_hso01 KSFWVariables_hso03 KSFWVariables_hso04 KSFWVariables_hso10 KSFWVariables_hso12 KSFWVariables_hso14 KSFWVariables_hso20 KSFWVariables_hso22 KSFWVariables_hso24      r2 thrust_Bm
                         :        CleoConeCS_1:       +1.000       -0.307       -0.159       -0.106       -0.118       -0.121       -0.117       -0.106       -0.051           +0.167             +0.059             -0.016             +0.193             -0.031             +0.179              -0.100              -0.127              +0.307              +0.040              +0.139              +0.108              -0.059              +0.106              +0.090  +0.406    +0.396
                         :        CleoConeCS_2:       -0.307       +1.000       -0.273       -0.199       -0.176       -0.126       -0.096       -0.077       -0.091           +0.105             +0.072             +0.004             +0.160             +0.005             +0.097              -0.038              -0.049              +0.309              -0.029              +0.115              +0.132              -0.014              +0.092              +0.008  +0.338    +0.289
                         :        CleoConeCS_3:       -0.159       -0.273       +1.000       -0.211       -0.154       -0.109       -0.085       -0.062       -0.007           +0.137             +0.098             +0.028             +0.113             +0.020             +0.057              -0.064              -0.016              +0.057              -0.034              +0.021              -0.012              -0.057              -0.053              -0.029  +0.110    -0.014
                         :        CleoConeCS_4:       -0.106       -0.199       -0.211       +1.000       -0.099       -0.075       -0.051       -0.023       -0.031           +0.130             +0.092             +0.019             +0.100             +0.002             +0.003              -0.045              +0.025              -0.192              +0.036              +0.038              -0.033              -0.033              -0.046              -0.048  -0.091    -0.133
                         :        CleoConeCS_5:       -0.118       -0.176       -0.154       -0.099       +1.000       -0.009       +0.023       -0.019       +0.022           +0.092             +0.098             -0.018             -0.060             +0.001             -0.067              +0.030              +0.059              -0.337              +0.032              -0.086              -0.167              +0.001              -0.095              -0.082  -0.288    -0.180
                         :        CleoConeCS_6:       -0.121       -0.126       -0.109       -0.075       -0.009       +1.000       +0.072       +0.081       +0.095           +0.104             +0.207             -0.007             -0.089             -0.007             -0.095              +0.049              +0.031              -0.219              +0.022              -0.130              -0.109              +0.089              -0.118              -0.028  -0.398    -0.279
                         :        CleoConeCS_7:       -0.117       -0.096       -0.085       -0.051       +0.023       +0.072       +1.000       +0.122       +0.091           +0.088             +0.239             +0.046             -0.158             -0.003             -0.111              +0.032              +0.041              -0.142              +0.018              -0.128              -0.053              +0.083              -0.122              -0.021  -0.452    -0.285
                         :        CleoConeCS_8:       -0.106       -0.077       -0.062       -0.023       -0.019       +0.081       +0.122       +1.000       +0.132           +0.109             +0.290             +0.060             -0.159             +0.009             -0.056              +0.038              +0.020              -0.038              -0.002              -0.143              -0.037              +0.114              -0.141              -0.062  -0.467    -0.258
                         :        CleoConeCS_9:       -0.051       -0.091       -0.007       -0.031       +0.022       +0.095       +0.091       +0.132       +1.000           +0.144             +0.394             +0.041             -0.185             +0.005             +0.013              +0.034              +0.012              +0.031              -0.038              -0.137              -0.007              +0.162              -0.137              -0.020  -0.449    -0.166
                         :    KSFWVariables_et:       +0.167       +0.105       +0.137       +0.130       +0.092       +0.104       +0.088       +0.109       +0.144           +1.000             +0.622             +0.060             +0.260             +0.020             +0.150              -0.148              -0.059              +0.117              +0.045              +0.109              +0.031              -0.046              -0.153              -0.061  +0.042    +0.146
                         :  KSFWVariables_hoo0:       +0.059       +0.072       +0.098       +0.092       +0.098       +0.207       +0.239       +0.290       +0.394           +0.622             +1.000             +0.096             +0.316             +0.039             +0.189              -0.097              -0.072              +0.082              -0.004              -0.005              -0.021              +0.460              -0.005              +0.014  -0.232    +0.003
                         :  KSFWVariables_hoo1:       -0.016       +0.004       +0.028       +0.019       -0.018       -0.007       +0.046       +0.060       +0.041           +0.060             +0.096             +1.000             +0.032             +0.582             -0.040              -0.337              -0.161              -0.003              +0.066              +0.078              +0.044              +0.041              +0.037              +0.023  -0.045    +0.016
                         :  KSFWVariables_hoo2:       +0.193       +0.160       +0.113       +0.100       -0.060       -0.089       -0.158       -0.159       -0.185           +0.260             +0.316             +0.032             +1.000             +0.010             +0.563              -0.142              -0.153              +0.225              +0.018              +0.156              +0.064              +0.286              +0.420              +0.190  +0.486    +0.135
                         :  KSFWVariables_hoo3:       -0.031       +0.005       +0.020       +0.002       +0.001       -0.007       -0.003       +0.009       +0.005           +0.020             +0.039             +0.582             +0.010             +1.000             -0.045              -0.155              -0.085              -0.021              +0.050              +0.049              +0.018              +0.050              +0.021              +0.018  -0.032    +0.008
                         :  KSFWVariables_hoo4:       +0.179       +0.097       +0.057       +0.003       -0.067       -0.095       -0.111       -0.056       +0.013           +0.150             +0.189             -0.040             +0.563             -0.045             +1.000              -0.072              -0.132              +0.227              -0.001              +0.082              +0.087              +0.111              +0.220              +0.172  +0.302    +0.092
                         : KSFWVariables_hso01:       -0.100       -0.038       -0.064       -0.045       +0.030       +0.049       +0.032       +0.038       +0.034           -0.148             -0.097             -0.337             -0.142             -0.155             -0.072              +1.000              +0.606              -0.102              -0.014              -0.089              -0.046              +0.044              -0.008              +0.012  -0.153    -0.116
                         : KSFWVariables_hso03:       -0.127       -0.049       -0.016       +0.025       +0.059       +0.031       +0.041       +0.020       +0.012           -0.059             -0.072             -0.161             -0.153             -0.085             -0.132              +0.606              +1.000              -0.189              -0.001              -0.047              -0.036              -0.018              -0.037              -0.004  -0.142    -0.082
                         : KSFWVariables_hso04:       +0.307       +0.309       +0.057       -0.192       -0.337       -0.219       -0.142       -0.038       +0.031           +0.117             +0.082             -0.003             +0.225             -0.021             +0.227              -0.102              -0.189              +1.000              -0.108              -0.014              +0.046              -0.072              +0.073              +0.068  +0.441    +0.192
                         : KSFWVariables_hso10:       +0.040       -0.029       -0.034       +0.036       +0.032       +0.022       +0.018       -0.002       -0.038           +0.045             -0.004             +0.066             +0.018             +0.050             -0.001              -0.014              -0.001              -0.108              +1.000              +0.650              +0.254              -0.067              -0.018              -0.015  -0.021    +0.018
                         : KSFWVariables_hso12:       +0.139       +0.115       +0.021       +0.038       -0.086       -0.130       -0.128       -0.143       -0.137           +0.109             -0.005             +0.078             +0.156             +0.049             +0.082              -0.089              -0.047              -0.014              +0.650              +1.000              +0.569              -0.077              +0.059              +0.008  +0.275    +0.200
                         : KSFWVariables_hso14:       +0.108       +0.132       -0.012       -0.033       -0.167       -0.109       -0.053       -0.037       -0.007           +0.031             -0.021             +0.044             +0.064             +0.018             +0.087              -0.046              -0.036              +0.046              +0.254              +0.569              +1.000              -0.052              +0.021              +0.018  +0.179    +0.088
                         : KSFWVariables_hso20:       -0.059       -0.014       -0.057       -0.033       +0.001       +0.089       +0.083       +0.114       +0.162           -0.046             +0.460             +0.041             +0.286             +0.050             +0.111              +0.044              -0.018              -0.072              -0.067              -0.077              -0.052              +1.000              +0.433              +0.220  -0.182    -0.038
                         : KSFWVariables_hso22:       +0.106       +0.092       -0.053       -0.046       -0.095       -0.118       -0.122       -0.141       -0.137           -0.153             -0.005             +0.037             +0.420             +0.021             +0.220              -0.008              -0.037              +0.073              -0.018              +0.059              +0.021              +0.433              +1.000              +0.505  +0.222    +0.182
                         : KSFWVariables_hso24:       +0.090       +0.008       -0.029       -0.048       -0.082       -0.028       -0.021       -0.062       -0.020           -0.061             +0.014             +0.023             +0.190             +0.018             +0.172              +0.012              -0.004              +0.068              -0.015              +0.008              +0.018              +0.220              +0.505              +1.000  +0.088    +0.056
                         :                  r2:       +0.406       +0.338       +0.110       -0.091       -0.288       -0.398       -0.452       -0.467       -0.449           +0.042             -0.232             -0.045             +0.486             -0.032             +0.302              -0.153              -0.142              +0.441              -0.021              +0.275              +0.179              -0.182              +0.222              +0.088  +1.000    +0.569
                         :           thrust_Bm:       +0.396       +0.289       -0.014       -0.133       -0.180       -0.279       -0.285       -0.258       -0.166           +0.146             +0.003             +0.016             +0.135             +0.008             +0.092              -0.116              -0.082              +0.192              +0.018              +0.200              +0.088              -0.038              +0.182              +0.056  +0.569    +1.000
                         : ---------------------------------------------------------------------------------------------------------------------------------------------------------------------------------------------------------------------------------------------------------------------------------------------------------------------------------------------------------------------------------------------------------------------------------------------------------------
DataSetFactory           : [continuum] :  
                         : 
Factory                  : [1mTrain all methods[0m
Factory                  : [continuum] : Create Transformation "I" with events from all classes.
                         : 
                         : Transformation, Variable selection : 
                         : Input : variable 'CleoConeCS_1' <---> Output : variable 'CleoConeCS_1'
                         : Input : variable 'CleoConeCS_2' <---> Output : variable 'CleoConeCS_2'
                         : Input : variable 'CleoConeCS_3' <---> Output : variable 'CleoConeCS_3'
                         : Input : variable 'CleoConeCS_4' <---> Output : variable 'CleoConeCS_4'
                         : Input : variable 'CleoConeCS_5' <---> Output : variable 'CleoConeCS_5'
                         : Input : variable 'CleoConeCS_6' <---> Output : variable 'CleoConeCS_6'
                         : Input : variable 'CleoConeCS_7' <---> Output : variable 'CleoConeCS_7'
                         : Input : variable 'CleoConeCS_8' <---> Output : variable 'CleoConeCS_8'
                         : Input : variable 'CleoConeCS_9' <---> Output : variable 'CleoConeCS_9'
                         : Input : variable 'KSFWVariables_et' <---> Output : variable 'KSFWVariables_et'
                         : Input : variable 'KSFWVariables_hoo0' <---> Output : variable 'KSFWVariables_hoo0'
                         : Input : variable 'KSFWVariables_hoo1' <---> Output : variable 'KSFWVariables_hoo1'
                         : Input : variable 'KSFWVariables_hoo2' <---> Output : variable 'KSFWVariables_hoo2'
                         : Input : variable 'KSFWVariables_hoo3' <---> Output : variable 'KSFWVariables_hoo3'
                         : Input : variable 'KSFWVariables_hoo4' <---> Output : variable 'KSFWVariables_hoo4'
                         : Input : variable 'KSFWVariables_hso01' <---> Output : variable 'KSFWVariables_hso01'
                         : Input : variable 'KSFWVariables_hso03' <---> Output : variable 'KSFWVariables_hso03'
                         : Input : variable 'KSFWVariables_hso04' <---> Output : variable 'KSFWVariables_hso04'
                         : Input : variable 'KSFWVariables_hso10' <---> Output : variable 'KSFWVariables_hso10'
                         : Input : variable 'KSFWVariables_hso12' <---> Output : variable 'KSFWVariables_hso12'
                         : Input : variable 'KSFWVariables_hso14' <---> Output : variable 'KSFWVariables_hso14'
                         : Input : variable 'KSFWVariables_hso20' <---> Output : variable 'KSFWVariables_hso20'
                         : Input : variable 'KSFWVariables_hso22' <---> Output : variable 'KSFWVariables_hso22'
                         : Input : variable 'KSFWVariables_hso24' <---> Output : variable 'KSFWVariables_hso24'
                         : Input : variable 'r2' <---> Output : variable 'r2'
                         : Input : variable 'thrust_Bm' <---> Output : variable 'thrust_Bm'
TFHandler_Factory        :            Variable                   Mean                   RMS           [        Min                   Max ]
                         : ------------------------------------------------------------------------------------------------------------------
                         :        CleoConeCS_1:              0.92712               1.1033   [               0.0000               6.7817 ]
                         :        CleoConeCS_2:               1.6712               1.3406   [               0.0000               7.9729 ]
                         :        CleoConeCS_3:               1.3672               1.1778   [               0.0000               6.6599 ]
                         :        CleoConeCS_4:               1.0980              0.99994   [               0.0000               5.8698 ]
                         :        CleoConeCS_5:              0.91542              0.92605   [               0.0000               5.2502 ]
                         :        CleoConeCS_6:              0.72471              0.77582   [               0.0000               5.5343 ]
                         :        CleoConeCS_7:              0.62472              0.71496   [               0.0000               5.1418 ]
                         :        CleoConeCS_8:              0.56444              0.70132   [               0.0000               5.0086 ]
                         :        CleoConeCS_9:              0.50780              0.69301   [               0.0000               4.6760 ]
                         :    KSFWVariables_et:               6.8449               1.0435   [               3.3309               12.698 ]
                         :  KSFWVariables_hoo0:             0.083302             0.042652   [             0.015454              0.75821 ]
                         :  KSFWVariables_hoo1:          -0.00050165            0.0091234   [            -0.043574             0.097669 ]
                         :  KSFWVariables_hoo2:             0.012990             0.017037   [            -0.024538              0.16444 ]
                         :  KSFWVariables_hoo3:          -0.00015739            0.0062594   [            -0.034587             0.045552 ]
                         :  KSFWVariables_hoo4:            0.0027295             0.011189   [            -0.041794              0.16860 ]
                         : KSFWVariables_hso01:            -0.027768              0.20212   [              -1.4618              0.91318 ]
